82 -75 96 -76 -20 41 -4 -64 -5 -45 0 74 30 -17 -97 -63 -76 -5 -71 -14 -2 -56 -2 4 -76 -61 -18 99 -84 83 -81 -2 67 15 3 -34 55 42 -45 71 38 -1 -19 47 -34 20 71 64 -8 0 -82 99 -24 -10 63 -1 82 -12 53 40 18 -57 29 -41 -44 -75 -21 -33 26 16 14 97 37
100 -78 39 42 93 -100 53 31 93 -20 61 82 -38 63 27 77 51 -57 -9 -23 -50 72 85 -24 -43 -28 9 53 41 -37 34 4 -1 -3 -34 -79 -77 -98 -46 -85 -27 -35 18 38 -24 -61 58
22 72 77 76 -100 51 -29 -23 12 90 -27 -87 -71 -52 71 37 73 -71 58 -53 43 68 -70 -98 9 -83 -41 -1 -81 99 62 -58 -6 88 -8 33 9 -85 -48 -96 -95 -39
77 -61 4 -16 -41 59 39 -24 62 -53 41 -55 -61 -40 -50 -14 -30 -33 -56 59 55 -96 -44 12 98 33 -70 -1 38 36 -40 -86 21 -96 -60 57 48 -5 -70 35 -66 25 99 -38 -51 67 -82 27 99 -11 47 -8 -63 88 24 92 42 -97 -5 12 95 -88 2 -13 91 -69 63 45 64 78 15 -26 -75 -20 -81 -47 53 -47 80 5 -38 -32
69 100 67 13 18 41 -77 -78 -20 -27 -91 86 -33 11 95 34 -97 -25 41 -47 98 -72 -63 -74 31 14 -15 100 50
94 -78 -49 -26 54 15 82 66 -19 32 33 -75 -70 84 9 63 30 -55 21 -18 58 -10 88 -57 -44 -98 90 -36 -95 68 81 -45 30 2 39 40 63 4 46 81 -23 -32 -65 -1 -86 37 53 70 -90 -6 22 45 -19 75 -27 20 -11 9 -79 85 -79
-79 50 10 65 55 12 8 15 81 42 31 -2 86 -51 -16 -34 -36 -60 -51 58 5 -67 -94 -12 -13 -97 -15 -43 -62 -54
57 -70 56 69 -12 82 -63 98 61 -31 50 -17 -4 -80 -94 -42 -65 67 18 -53 42 -66 -45 58 -85 90 -98 -73 42 20 -65 3 8 50 -61 37 -89 -82 83 -32 90 -33 18 71 -100 96 -41 -63 38 -17 77 75 -64 -55 -13 -41 3 -71 -39 -19 43 52 26 -51 65
-82 57 52 -8 -22 -68 -66 -61 -49 7 -95 35 -36 12 26 80 -13 -57 -87 -38 -46 53 51 -41 3 83 -11 68 -39 -35 42 -39 -20 16 59 -88 18 24 -95 -37 -89 39 -45 -34 64 64
16 -26 38 -33 -68 -77 76 -21 60 -68 -50 56 -60 -84 44 -2 -82 74 -17 57 -51 -94 -12 -81 -8 -66 22 -29 50 3 70 86 -81 -76 -18 -86 14
100 81 71 52 30 79 -43 46 -40 33 90 99 -40 44 39 97 98 -47 40 -10 45 -29 65 88 92 -92 0 -95 -81 87 -1 -25
94 44 47 -43 35 5 -48 -2 90 -39 2 93 53 -69 22 14 20 -46 23 23 33 12 -75 44 -88 -19 -90 15 75 -44 -50
1 2 3 4
20 77 -61 91 -24 -67 -43 58 44 -69 -21 75 44 -60 46 -51 71 -85 71 50 86 26 -95 -80 50 -21 10 -85 -27 26 -7 -80 -28 10 -95 16 -23 62 -93 89 -38 -14 -17 79 69 -53 -54 68 -57 91 -80 41 -87 -12 -93 81 28 65 -49 52 38 -53 -24 20 60 61 44 -16 81 75 44 97 -67 -31 -97 -34 65 13 -33
31 -3 -69 3 90 -67 -69 24 89 -49 73 -81 5 -37 -56 -96 99 -34 -17 -92 -69 -56 61 89 -74 -89 -2 90 -7 -74 3 13 -97 38 -30 14 49 -18 -46 -82 -74 -26 -95 10
-89 21 -73 -23 95 30 -33 -23 8 30 -74 -42 9 -90 -21 -66 15 -31 76
10 100 1 2 5 -9 0
11 71 -82 0 48 24 59 78 96 -86 13 33 2 -33 25 -67 -83 99 -61 4 -11 62 -57 -30 27 -49 -96 -41 65 51 77 -75 67 -89 31 67 89 32 -35 -53 6 -51 -26 -15 41 -99 -89 -67 -31 15 -58 65 -79 89 -44 57 -73 55 34 41 5 -84 -2 -51 -56 16 -100 -23 -41 -94 94 -9 80 -33 59 92 -73 81 -35 -23 -23 47 56 91 0 -85 -13 8 -14 59 -26 55 74 51 -26 28 -55 95
-89 -96 -12 -52 23 -19 48 23 -51 73 -64 40 -92 59 92 98 25 5 -49 -64 -38 42 -49 89 17 -74 -23 -59 32 -86 83 67 42 3 -56 -97 -24 53 -96 54 -26 53 68 96 18 94 -27 -79 51 -32 -67 -66 -47 -27 33 44 4 -88 7 97 -25 -99 -23 -31 78 -89 -10 46 -86 97
65 -100 -100 42 75 35 -39 43 99 -11 33 -5 85 -68 17 6 -57 64 -14 93 -63 4 82 -60 -17 93
-37 69 -81 -81 -40 -31 20 11 -100 -42 -57 41 -81 -91 1 -10 -86 -18 -88 -23 -49 -12 25 35 5 -84 -84 4 -23 -45 96 56 76 91 -18 92 -58
-59 -84 -87 61 85 -27 43 -57 30 -58 29 49 73 -37 -37 85 31 -100 -82 -44 5 -73 39 5 -16 14 15 79 97 94 17 -11 -86 84 -73 49 -74 50 -40 -2 -99 -65 36 14 81 -81 19 11 -9
46 -55 58 -85 79 -46 -84 26 29 -71 -81
10 -1
41 1 -7 67 -43 48 -9 56 -12
-93 -89 -94 -74 98 6 73 -22 -70 91 -19 -37 -94 79 28 19 -13 -50 33 62 -23 43 62 -49 84 30 -65 -84 -2 -92 -59 11 62 17 -88 -81 -7 10 98
-39 -53 36 44 45 -85 10 89 87 -42 -11 78 -6 54 -32 79 -7 -72 100 -74 -47 -99 61 100 -11 99 -91 -28 -63 12 -56 22 57 -84 85 18 -91 -74 91
-40 -5 56 -62 -63 42 -67 20 -84 -92 -26 55 58 -74 34 14 69 -57 -22 71 4 55 17 -63 40 -43 2 87 -85 -37 -29 -50 5 77 -65 -37 26 69 98 -1 -85 -5 -58 -83 -50 60 -95 70 -26 4 -41 -37 -33 78 -5 76 -24 -2 30 -54 -97 -76 -90 18 19 47 14 -92 15 -83 69 -29 -95 49 65
35 91 -78 64 5 -43 59 -71 96 33 -5 -93 89 -46 -11 39 -44 76 -66 50 23 -13 61 66 9 58 -31 69 -21 47 -14 -61 17 -27 -89 -15 -84
10 20 30 40
-26 69 -78 73 95 73 76 13 -54 -21 97 -86 88 96 -90 -16 43 58 53 -24 97 15 -22 82 -3 27 -81 100 57 28 5 -72 -71 89 16 -92 6 45 -49 66 -39 82 -12 64
15 -69 -32 89 -18 -57 -81 -76 85 51 -92 -57 -69 78 -84 93 -36 -85 0 -6 76 -23 62 9 -36 -5 -85 -94 92 84 -98 -36 -30 -26 -7 -50 56 -75 69 -100 52 71 53 26 26 44 -13 78 -9 15 73
-15 33 -77 -93 -80 49 6 5 97 44 -23 3 -56 96 92 -6 -63 18 -45 80 -68 -47 -28 47 99 -11 -28 98 -23 -27 -52 -100 28 52 86 16 -57 -93 -35 43 53 -17
-91 -67 -21 -37 -59 76 51 -15 82 27 66 -82 37 -56 52 43 0 -4 -79 95 6 -85 25 53 -95 52 64 -58 -49 -86 90 29 -56 86 -59 56 -38 13 27 16 58 -42 -18 -91 -67 -99 -22 -23 74 -22
74 -95 -59 -48 3 100 91 -44 44 43 -74 84 35 -70 35 -60 -83 -29 4 -24 51 -14 -69 -60 71 -72 40 -88 -43 25 41 -20 -7 -25 73 67 -67 100 -55 79 0 94 -82 -84 96 80 -8 -77 -80 95 89 34 91 -62 -45 -74 -87 74 54 -64
-48 99 63 -37 0 -56 93 47 -20 -49 36 -52 -29 0 -47 -27 -5 -83 -38 25 -74 56 -70 -84 -25 -16 -76 -33 -19 19 -64 47 86 -44 -30 53 -31 75 14 6 -99 59 56 -7 -20 95 75 -68 -25 74 -20 -47 83 -22
55 31
77 10 87 35 46 -57 -71 -30 -83 -47 -21 -97 92 77 32 69 90 -17 -48 -17 49 -53 23 64 -89 -47 -74 -87 -40 -70 6 52 82 100 -29 63 87 39 48 36 -88 29 -3 -99 63 -53 48 -74 -72 45 -26 -40 -41 92 34 13 90 -38 83 70 -7 39 100 -71 1 -57 2 -32 93
21 -98 83 -29 68 -25 97 57 -80 -18 -44 87 -63 27 -46 -73 7 -72 78 -71 5 -90 -44 -92 -64 -59 24 26 42 8 58 -8 -34 -90 -87 -46 22 51 -60 96 42 21 -44 -26 65 60 -56 75 52 -35 80 84 -58 49 -39 2 28 29 58 56 16 34 3 -62 64 25 53 -64 -51 96 -48 -76 -72 -91 34 64 61 78 79 -64 57 23 -3 96
76 76 -99 -20 -20 62 -89 -58 -15 32 7 -23 -46 20 70 -98 -82 -3